single point
 so      37000                 1.0 0.0
 sb      200                   1.0 0.0
 beta    600                   1.0 0.0    
 npow1   0.75                  1.0 0.0    
 adel    40000                 1.0 0.0
 c0      -6.070476764627e-005  1.0 0.0
 c1      0.000151597503356787  1.0 0.0
 c2      -1.0510895394871e-005 1.0 0.0
 c3      -2.8338337830349e-006 1.0 0.0
 c4       4.9586716960501e-005 1.0 0.0
 c5      -8.7552561972579e-005 1.0 0.0
 c6       7.2094495694158e-005 1.0 0.0
 c7      -5.1752915755519e-005 1.0 0.0
